  4103    7.00    8.00   10.00
  1204    8.00   10.00   14.00
  1317    8.00   11.00   13.00
  8202    9.00   16.00   15.00
  6424    9.00    8.00   15.00
  9404    9.00   11.00   17.00
  7201    9.00    7.00   13.00
  7601    9.00   11.00   16.00
  7520   10.00   12.00   14.00
  9410   10.00    5.00   10.00
  9413   10.00    9.00   13.00
  3305   10.00   12.00   21.00
  6317   10.00   14.00   34.00
   304   10.00   11.00   12.00
   324   11.00    9.00   16.00
  4204   11.00   14.00   17.00
  4119   11.00   16.00   20.00
  6412   11.00    7.00   14.00
  3203   11.00   12.00   17.00
  8323   11.00   13.00   17.00
  8123   11.00   14.00   13.00
  2519   11.00   14.00   19.00
  6130   11.00   17.00   14.00
  6428   11.00   19.00   14.00
  4209   11.00   14.00   16.00
  2516   12.00    6.00   16.00
  1123   12.00   10.00   13.00
  4115   12.00   12.00   19.00
  9301   12.00   19.00   17.00
  4312   12.00   19.00   18.00
  8224   12.00   18.00   20.00
  8206   12.00   16.00   17.00
  2517   12.00   11.00   13.00
  4304   12.00   17.00   23.00
  1323   13.00    8.00   12.00
  8205   13.00   10.00   21.00
  9226   13.00   11.00   18.00
  9116   13.00   36.00   21.00
  2515   13.00   18.00   22.00
  9418   13.00   13.00   14.00
  9207   13.00   17.00   23.00
  2219   14.00   11.00   15.00
  1213   14.00   15.00   20.00
   125   14.00   10.00   16.00
  4214   14.00   12.00   17.00
  2624   14.00   16.00   17.00
   314   14.00   11.00   21.00
  7522   14.00   19.00   22.00
  2529   14.00   17.00   17.00
  9205   15.00   14.00   16.00
  4203   15.00   15.00   17.00
  1126   15.00   10.00   13.00
  1220   15.00   12.00   17.00
  4326   15.00   14.00   17.00
  9319   15.00   16.00   18.00
  2319   15.00   17.00   15.00
  1125   15.00    9.00   19.00
  6115   16.00   11.00   14.00
  6401   16.00   16.00    9.00
  1219   16.00   14.00   15.00
  1128   16.00   13.00   13.00
  7317   16.00    8.00   16.00
  7218   16.00   11.00   17.00
  2112   16.00   17.00   19.00
  1110   16.00    7.00   12.00
  8106   16.00   10.00   16.00
  6310   16.00   16.00   19.00
  6113   16.00   17.00   20.00
  3115   16.00   20.00   19.00
  3215   16.00   18.00   32.00
  1318   16.00    9.00   23.00
  3121   16.00   11.00   21.00
  4212   16.00   21.00   25.00
   123   16.00   18.00   21.00
  3201   17.00   12.00   17.00
  1221   17.00   19.00   19.00
  1215   17.00    8.00   16.00
  6413   17.00   21.00   28.00
  3118   17.00   14.00   14.00
  2422   17.00   10.00   13.00
  6201   17.00   14.00   18.00
  1104   18.00   10.00   15.00
  1306   18.00    8.00   12.00
  9411   18.00   15.00   19.00
  6314   18.00   13.00   24.00
  3103   18.00   16.00   23.00
  3204   18.00   25.00   28.00
  3214   18.00   16.00   21.00
  1102   18.00   15.00   23.00
  2523   19.00   11.00   15.00
  4118   19.00    7.00   15.00
  6110   19.00   18.00   22.00
  4220   19.00   19.00   18.00
  8114   19.00   10.00   21.00
  6304   19.00   13.00   22.00
  4323   19.00   15.00   18.00
  4117   19.00   17.00   24.00
   128   19.00   22.00   23.00
  9406   19.00    7.00   18.00
  9126   19.00   16.00   18.00
  6212   20.00   20.00   22.00
  3124   20.00   15.00   25.00
  3319   20.00   16.00   26.00
  6217   20.00  172.00   53.00
  9414   20.00   14.00   17.00
  3205   20.00   16.00   20.00
  9215   20.00   17.00   21.00
  2304   20.00   16.00   25.00
  6309   20.00   18.00   22.00
  9114   20.00   22.00   27.00
  4107   20.00   14.00   24.00
  4310   20.00   15.00   20.00
  5121   21.00   11.00   17.00
  3122   21.00   20.00   20.00
  2412   21.00   16.00   16.00
  1205   21.00    7.00   19.00
  8215   21.00   11.00   15.00
   107   21.00   12.00   19.00
  6407   21.00   14.00   16.00
  2610   21.00    8.00   19.00
  2628   21.00   13.00   18.00
  3311   21.00   20.00   22.00
  3112   21.00   24.00   22.00
  9219   21.00   27.00   29.00
  2309   22.00   15.00   18.00
  2530   22.00   14.00   17.00
   204   22.00   11.00   17.00
  1118   22.00   17.00   20.00
  2103   22.00   16.00   25.00
  2410   22.00    9.00   20.00
  2401   22.00   15.00   22.00
  2425   23.00   15.00   13.00
  2223   23.00    9.00   14.00
  3101   23.00   12.00   17.00
  2324   23.00   13.00   20.00
  6220   23.00   19.00   29.00
  4301   23.00   18.00   25.00
  2531   23.00   13.00   16.00
  5103   23.00   14.00   15.00
  2206   23.00   16.00   21.00
  9212   23.00   18.00   30.00
  9326   23.00   19.00   24.00
  3104   23.00   14.00   28.00
  3302   23.00   19.00   24.00
  4315   24.00   12.00   21.00
  4110   24.00   13.00   20.00
  2423   24.00   23.00   24.00
  1321   24.00   10.00   19.00
  8225   24.00   11.00   18.00
  9431   24.00   12.00   18.00
  9302   24.00   16.00   20.00
  9112   24.00   21.00   24.00
  2212   24.00   17.00   37.00
  6307   24.00   16.00   22.00
  8322   25.00    9.00   20.00
  9103   25.00   11.00   18.00
  2513   25.00    7.00   10.00
   224   25.00   17.00   17.00
  6509   25.00   15.00   18.00
  2120   25.00    8.00   18.00
  6206   25.00   15.00   21.00
  3105   25.00   16.00   24.00
  2407   25.00   18.00   35.00
  6403   26.00   16.00   17.00
  7608   26.00   13.00   16.00
  3106   26.00   12.00   19.00
  9125   26.00   15.00   23.00
  6506   26.00   19.00   24.00
  3107   26.00   13.00   16.00
  2306   26.00   19.00   19.00
  2317   26.00   22.00   23.00
  4116   26.00   10.00   21.00
  4322   26.00   12.00   21.00
  2106   26.00   10.00   29.00
  9310   27.00   10.00   17.00
  3315   27.00   14.00   24.00
  8313   27.00   13.00   23.00
   124   27.00   16.00   23.00
  6406   27.00   14.00   24.00
  7423   27.00   17.00   26.00
  6214   27.00   21.00   23.00
  8108   27.00    8.00   19.00
  3310   28.00   17.00   18.00
  9420   28.00   21.00   21.00
  6102   28.00   18.00   24.00
  6501   28.00   19.00   26.00
  4218   28.00   19.00   17.00
  1416   28.00   15.00   23.00
  2502   28.00   14.00   17.00
   102   28.00   12.00   22.00
  8227   28.00   19.00   25.00
   323   28.00   21.00   26.00
  2207   29.00   19.00   13.00
  4106   29.00   11.00   25.00
  6109   29.00   15.00   28.00
  6207   29.00    7.00   19.00
   311   29.00    9.00   33.00
  4120   29.00   22.00   24.00
  2301   29.00   17.00   18.00
  2113   29.00   26.00   24.00
   202   29.00   18.00   20.00
   220   29.00   15.00   24.00
  7405   29.00   23.00   25.00
  7216   29.00   19.00   18.00
  7221   30.00   18.00   21.00
   322   30.00   14.00   22.00
   121   30.00   16.00   18.00
   225   30.00   13.00   24.00
  9312   30.00   19.00   18.00
  9425   30.00   28.00   24.00
  5316   30.00   15.00   19.00
  5117   30.00   21.00   24.00
  9115   30.00   22.00   32.00
  9422   30.00   30.00   28.00
  7610   30.00   10.00   21.00
  7115   30.00   14.00   19.00
   301   30.00   25.00   25.00
  9327   30.00   19.00   29.00
  2307   31.00   20.00   22.00
  9223   31.00   19.00   20.00
  1113   31.00    8.00   25.00
  1211   31.00   10.00   17.00
  2205   31.00   16.00   27.00
  6505   31.00   12.00   30.00
  4210   31.00   12.00   21.00
  9124   31.00   20.00   31.00
  7111   31.00   10.00   24.00
  6308   31.00   14.00   20.00
  7408   31.00   16.00   21.00
  9216   32.00   18.00   25.00
  1307   32.00    8.00   18.00
  9313   32.00   16.00   15.00
  9208   32.00   27.00   23.00
  9105   32.00   18.00   20.00
   109   32.00   10.00   20.00
  5217   32.00   21.00   31.00
  2111   32.00   13.00   16.00
  6118   32.00   25.00   30.00
   122   32.00   17.00   24.00
  7612   32.00   14.00   22.00
  4121   32.00   17.00   32.00
  5124   33.00   15.00   21.00
  7602   33.00   10.00   19.00
  4112   33.00   21.00   21.00
  6219   33.00   21.00   29.00
  1222   33.00   27.00   24.00
  3213   33.00   16.00   22.00
  9308   33.00   17.00   22.00
  1415   33.00   16.00   16.00
  4108   33.00   13.00   22.00
  6420   34.00   18.00   11.00
  2203   34.00   23.00   23.00
  9315   34.00   15.00   25.00
  2602   34.00   10.00   20.00
  2419   34.00   13.00   20.00
  4311   34.00   17.00   40.00
  6209   34.00   11.00   29.00
  7531   34.00   17.00   20.00
  6502   34.00   15.00   27.00
  6204   34.00   17.00   28.00
  2605   34.00   22.00   27.00
  1210   34.00   16.00   58.00
  6107   35.00   14.00   26.00
  2420   35.00   26.00   23.00
  8111   35.00   15.00   22.00
  7506   35.00   17.00   26.00
  2117   35.00   21.00   16.00
   108   35.00   19.00   22.00
   318   35.00   26.00   37.00
   115   35.00   30.00   82.00
  2217   36.00   12.00   19.00
  4306   36.00   13.00   29.00
  2622   36.00   15.00   25.00
  2216   36.00   16.00   27.00
  3321   36.00   25.00   27.00
  5123   36.00   15.00   28.00
  9433   36.00   16.00   25.00
  7322   37.00   21.00   23.00
  2302   37.00   14.00   17.00
  8320   37.00   14.00   24.00
  8315   37.00   15.00   19.00
  9428   37.00   17.00   25.00
  8120   37.00   26.00   32.00
  2520   37.00   19.00   22.00
  3116   37.00   13.00   22.00
  8303   37.00   22.00   24.00
  6306   37.00   23.00   25.00
  5205   37.00   18.00   23.00
  6311   38.00   18.00   26.00
  4207   38.00    9.00   20.00
  2421   38.00   21.00   30.00
  7521   38.00   13.00   16.00
  3125   38.00    6.00   22.00
   211   38.00   17.00   30.00
  2101   38.00   24.00   32.00
  3114   38.00   18.00   26.00
  3119   38.00   22.00   34.00
  4325   38.00   17.00   30.00
  4222   38.00   20.00   30.00
  4327   38.00   21.00   39.00
  4213   38.00   19.00   32.00
  6124   39.00   16.00   24.00
  2210   39.00   14.00   17.00
  1404   39.00   26.00   23.00
  2222   39.00   18.00   25.00
  2405   39.00   22.00   23.00
  4318   39.00   23.00   26.00
  4114   39.00   24.00   31.00
  6417   39.00   12.00   16.00
  3207   39.00   23.00   32.00
  9203   39.00   22.00   29.00
  2214   40.00   22.00   22.00
  2621   40.00   27.00   18.00
  8121   40.00   25.00   20.00
  9407   40.00   26.00   27.00
   315   40.00   15.00   35.00
  9424   40.00   21.00   26.00
  9405   41.00   21.00   28.00
  8102   41.00   23.00   18.00
  4202   41.00   15.00   21.00
  4303   41.00   16.00   21.00
  9311   42.00   17.00   17.00
  9416   42.00   21.00   28.00
  7109   42.00   33.00   31.00
  5218   42.00   25.00   48.00
  7217   42.00   25.00   32.00
   216   42.00   23.00   32.00
  4320   43.00   15.00   25.00
  8127   43.00   17.00   23.00
  7314   43.00   17.00   18.00
  3126   43.00   11.00   28.00
  8324   43.00   28.00   34.00
  8124   43.00   30.00   37.00
   106   43.00   16.00   38.00
  9434   44.00   22.00   27.00
  8302   44.00   15.00   23.00
  8116   44.00   13.00   29.00
   320   44.00   10.00   30.00
  8308   44.00   20.00   31.00
  3304   45.00   16.00   18.00
  1109   45.00   19.00   19.00
  7422   45.00   19.00   29.00
  3320   45.00   13.00   26.00
  2414   45.00   15.00   25.00
  1124   45.00   10.00   17.00
  6402   45.00   20.00   29.00
  9217   46.00   23.00   24.00
  5212   46.00   21.00   38.00
  1216   46.00   12.00   25.00
  7507   46.00   28.00   35.00
  7312   47.00   27.00   31.00
  1120   47.00   18.00   22.00
  2114   47.00   22.00   19.00
   221   47.00   12.00   18.00
  7104   47.00   16.00   18.00
  6208   47.00   23.00   29.00
  7108   47.00   18.00   27.00
  2415   48.00    9.00   17.00
  8305   48.00   12.00   24.00
  8104   48.00   13.00   20.00
  1502   48.00   10.00   24.00
  5204   48.00   17.00   29.00
   328   49.00   18.00   20.00
  1218   49.00   14.00   37.00
  7319   49.00   16.00   18.00
  2623   49.00   21.00   27.00
  9314   50.00   19.00   16.00
  2122   50.00   21.00   17.00
  7419   50.00   28.00   29.00
  6123   50.00   19.00   34.00
  7210   51.00   27.00   33.00
  5317   52.00   24.00   36.00
  5213   52.00   39.00   44.00
   203   53.00   15.00   27.00
  1119   53.00   10.00   28.00
  7305   53.00   18.00   30.00
   325   53.00   24.00   33.00
  9325   54.00   14.00   22.00
  6423   54.00   14.00   34.00
  6427   54.00   18.00   35.00
   214   54.00   25.00   29.00
  2512   55.00   12.00   20.00
  2209   55.00   16.00   18.00
   201   55.00   10.00   18.00
  1401   56.00   15.00   21.00
  7517   56.00   20.00   31.00
  7421   57.00   24.00   21.00
   313   57.00   19.00   28.00
  8212   57.00   13.00   30.00
  1105   57.00   15.00   36.00
  1203   57.00   20.00   27.00
  8314   57.00   35.00   40.00
  6320   57.00   18.00   25.00
   307   58.00   20.00   21.00
  2508   58.00   17.00   30.00
  2315   59.00   12.00   30.00
  3216   60.00   18.00   27.00
  9427   61.00   15.00   20.00
   319   61.00   14.00   24.00
  6404   61.00   18.00   24.00
  9209   61.00   20.00   22.00
  2514   63.00   27.00   40.00
   215   65.00   27.00   37.00
  1103   65.00    7.00   24.00
  7105   65.00   37.00   59.00
  7513   65.00   37.00   43.00
  8317   66.00   14.00   29.00
  7204   66.00   18.00   42.00
  7321   66.00   33.00   45.00
  6315   67.00   16.00   51.00
  1309   67.00   15.00   26.00
  7529   68.00   24.00   27.00
  1212   68.00   19.00   28.00
  8207   68.00   11.00   31.00
  7504   69.00   35.00   38.00
  6127   69.00   19.00   54.00
  2511   69.00   26.00   29.00
  7121   70.00   23.00   28.00
  1117   71.00   20.00   27.00
  2619   71.00   20.00   22.00
  7501   71.00   27.00   31.00
  7202   71.00   33.00   40.00
  9206   71.00   42.00   43.00
  7119   72.00   25.00   26.00
   308   72.00   23.00   31.00
   209   72.00   35.00   33.00
   127   72.00   43.00   39.00
  7525   72.00    9.00   41.00
  7114   72.00   16.00   36.00
  7205   73.00   39.00   31.00
  8210   73.00   49.00   45.00
  2601   74.00   19.00   27.00
  2404   77.00   15.00   29.00
   206   77.00   21.00   27.00
  3206   77.00   15.00   42.00
  5306   78.00   35.00   53.00
  5105   78.00   72.00   68.00
  8325   78.00   22.00   37.00
  8125   78.00   26.00   38.00
  1206   78.00   39.00   50.00
  7307   79.00   10.00   17.00
  7515   80.00   43.00   63.00
  9213   81.00   33.00   41.00
  9432   81.00   38.00   37.00
   131   81.00   20.00   40.00
  1509   82.00   38.00   38.00
  1514   83.00   37.00   43.00
   316   84.00   24.00   32.00
  5122   84.00   10.00   33.00
  1505   85.00   11.00   24.00
  4317   85.00   17.00   21.00
  4215   85.00   20.00   31.00
  6122   85.00   13.00   27.00
  1319   86.00   18.00   28.00
   120   86.00   15.00   41.00
  2505   87.00   14.00   22.00
  9421   87.00   27.00   46.00
   111   87.00   22.00   32.00
  5112   87.00   23.00   31.00
  7401   88.00   34.00   50.00
  7402   88.00   20.00   36.00
  4217   88.00   14.00   60.00
  4309   89.00   29.00   37.00
  8321   89.00   24.00   32.00
   118   89.00   21.00   44.00
  4111   89.00   21.00   40.00
  8213   90.00   19.00   37.00
  9113   90.00   36.00   42.00
  7117   93.00   41.00   49.00
  1304   94.00   22.00   27.00
  3209   95.00   20.00   28.00
  5116   95.00   43.00   48.00
  6415   95.00   25.00   36.00
  7611   97.00   33.00   42.00
  7528   97.00   49.00   34.00
  7301   97.00   54.00   41.00
  7302   99.00   27.00   30.00
  6503   99.00   22.00   38.00
  2608   99.00   34.00   43.00
   112   99.00   29.00   65.00
  9222  101.00   32.00   55.00
  7211  103.00   36.00   37.00
  9127  104.00   50.00   48.00
  5107  104.00   63.00   62.00
  5320  104.00   20.00   34.00
  4206  108.00   39.00   47.00
  7510  108.00   40.00   49.00
  6103  108.00   26.00   36.00
  2532  109.00   21.00   41.00
  9220  109.00   21.00   71.00
  5201  111.00   38.00   45.00
  7410  111.00   21.00   35.00
  7511  112.00   28.00   33.00
  7403  112.00   30.00   38.00
  8226  113.00   24.00   28.00
  3212  113.00   36.00   36.00
  6202  113.00   21.00   32.00
  1122  114.00   22.00   26.00
  7208  114.00    9.00   29.00
  5303  114.00   19.00   29.00
  8220  116.00   40.00   37.00
  3120  116.00   21.00   34.00
  3316  116.00   23.00   27.00
  6104  116.00   55.00   49.00
  6301  117.00   34.00   34.00
  1322  117.00   18.00   34.00
  1214  117.00   19.00   36.00
  2402  119.00   41.00   40.00
  2321  119.00   31.00   48.00
  9204  120.00   26.00   32.00
  7113  120.00   66.00   55.00
  9201  121.00   38.00   42.00
   205  122.00   24.00   45.00
  2522  123.00   26.00   68.00
  1513  123.00   33.00   51.00
  8319  124.00   57.00   44.00
  8218  124.00   57.00   53.00
   129  124.00   28.00   51.00
  8209  124.00   31.00   76.00
   207  126.00   28.00   56.00
  7502  131.00   36.00   37.00
  6425  131.00   71.00   62.00
  6125  131.00   77.00   53.00
  1516  131.00   45.00   55.00
  6205  132.00   17.00   57.00
  5111  135.00   21.00   37.00
  8306  135.00   33.00   40.00
  7118  138.00   29.00   36.00
  1325  138.00   30.00   55.00
  1303  140.00    6.00   16.00
  1503  140.00   15.00   21.00
   223  141.00   48.00   41.00
  2102  142.00   21.00   44.00
  9218  143.00   45.00   43.00
  4305  145.00   18.00   36.00
  4102  145.00   22.00   45.00
  7524  147.00   24.00   49.00
  5209  150.00   23.00   37.00
  7603  154.00   29.00   45.00
  6305  157.00   19.00   74.00
  2119  158.00   18.00   49.00
  2525  158.00   20.00   36.00
  2609  160.00   39.00   71.00
  2417  161.00   14.00   19.00
  7523  161.00   51.00   50.00
  1506  169.00   46.00   58.00
  7220  176.00   49.00   54.00
  5312  177.00   26.00   82.00
  5216  178.00   62.00   52.00
  7313  178.00   47.00   42.00
  7416  179.00   33.00   34.00
  8221  181.00   37.00   46.00
  4201  183.00   28.00   66.00
   113  185.00   20.00   37.00
  7209  190.00   72.00   55.00
  7514  207.00   45.00   61.00
  8216  208.00  107.00   94.00
  7318  221.00   33.00   43.00
  3307  234.00   27.00   60.00
  3308  234.00   29.00   55.00
  9322  273.00   45.00   46.00
  4319  355.00   38.00  133.00
  5211  465.00   27.00  133.00
  3217  555.00   30.00  162.00
