  6001  0  0   42.60   22.20
  6002  0  0    4.30    5.00
  6003  0  0   77.60   36.40
  6008  0  0   46.00   27.60
  6010  0  0   38.10   34.80
  6012  0  0   28.90   20.50
  6013  0  0   65.60   26.50
  6014  1  0   24.60   17.20
  6016  0  0   10.30    6.20
  6020  1  0   62.80   36.20
  6030  0  0   22.30   12.20
  6031  1  1   35.10   20.50
  6038  1  1   56.90   30.60
  6039  0  0   32.50   20.00
  6040  0  0    4.50    3.80
  6042  0  0   22.10   13.40
  6044  0  0    5.80    7.70
  6045  0  0   22.80   12.80
  6051  0  0   45.40   17.80
  6056  1  0   39.00   26.30
  6059  0  0    6.40    5.00
  6068  1  0    9.40    9.40
  6071  1  0   17.80   14.30
  6079  0  0   42.40   22.80
  6081  1  0   65.50   42.50
  6084  0  0   41.40   31.30
  6087  0  0   53.80   34.30
  6094  0  0    8.20    8.20
  6095  0  0   28.10   14.70
  6100  0  0   12.70   10.80
  6107  0  0   57.20   26.80
  6111  0  0   25.40   23.10
  6117  1  0   53.90   28.90
  6122  1  0   95.80   47.20
  6127  1  0   33.70   30.30
  6131  0  0   43.80   30.90
  6133  0  0   48.30   18.90
  6134  0  0   17.00   14.40
  6137  0  1   36.90   23.20
  6150  0  0   24.90   16.50
  6151  0  0    8.50    7.50
  6154  0  0   50.10   30.70
  6158  0  0   65.10   52.20
  6161  0  0   52.80   19.50
  6166  0  0   67.60   39.70
  6167  1  0    5.70    6.70
  6176  1  0   26.60   19.60
  6180  1  0   18.70   15.20
  6181  0  0    6.70    4.80
  6183  0  0   15.00   13.60
  6196  1  0   54.90   28.00
  6204  1  0   21.40   12.90
  6205  0  0   35.70   16.80
  6208  0  0   20.60   16.10
  6211  0  0   50.60   28.20
  6217  0  0   38.40   28.20
  6220  1  0   12.40   13.80
  6221  0  0   12.50    6.70
  6222  0  0   10.70    6.80
  6228  0  0   39.50   18.20
  6233  0  0   21.40   13.90
  6234  0  0    7.60    5.20
  6236  1  0   34.40   17.70
  6237  0  0   41.30   20.50
  6239  0  0   67.20   17.00
  6241  0  0   27.40   19.50
  6244  1  1   29.90   23.20
  6248  0  0   30.40   26.00
  6260  0  0   61.30   34.40
  6264  0  0   14.80   10.50
  6269  0  0   60.50   22.60
  6271  0  0   38.50   18.70
  6273  0  0   32.30   20.10
  6276  0  0    6.10    4.70
  6281  0  0   36.70   19.10
  6283  1  0   36.10   27.30
  6290  1  0   22.80   18.40
  6294  0  0   23.70   20.80
  6301  0  0   52.00   21.70
  6302  0  0   64.40   37.60
  6311  0  0    8.20    7.50
  6321  0  0   13.60   12.40
  6325  0  0   46.00   35.10
  6327  0  0   52.70   30.00
  6337  0  0   29.40   13.10
  6341  0  0   45.90   28.80
  6350  0  0   38.60   26.90
  6356  1  0   40.30   19.30
  6366  0  0   76.10   39.20
  6372  0  0   12.30   10.10
  6378  0  0   53.20   39.60
  6379  0  0    8.60    8.60
  6380  0  0   12.40    6.90
  6393  0  0    6.00    5.80
  6400  1  1    5.00    4.50
  6404  1  0   31.40   16.30
  6405  0  0   31.50   23.30
  6407  0  0    7.00    4.00
  6409  0  0    6.60    4.60
  6420  0  0    4.30    5.00
  6421  1  0    8.20    4.50
  6429  0  0   29.60   26.50
  6436  1  0    6.50    5.80
  6441  1  0   35.20   31.90
  6442  0  0   21.30   18.70
  6443  0  0   17.40   11.70
  6445  0  0   12.20    8.80
  6446  0  0   16.70   13.10
  6457  0  0   25.00   25.20
  6467  0  0   16.90   14.30
  6471  1  1    5.70    6.10
  6473  0  0   32.30   28.90
  6474  0  0   11.80    7.50
  6475  0  0   39.90   15.40
  6481  1  0   78.40   59.10
  6482  0  0   35.90   24.30
  6484  0  0   42.30   30.40
  6485  0  0   11.30    7.80
  6492  1  1   34.00   26.50
  6493  1  0   33.20   29.90
  6495  0  0   39.90   20.90
  6500  0  0    9.50    6.90
  6503  0  0   14.90    7.60
  6507  0  0   34.60   25.90
  6513  0  0   64.80   41.80
  6519  1  0   15.90   10.80
  6520  0  0    9.90    6.10
  6522  0  0   34.40   22.90
  6523  0  0   36.10   32.80
  6528  0  0   24.20   16.90
  6533  0  0   50.60   41.10
  6535  0  0   44.20   30.00
  6537  0  0   15.80    6.40
  6539  1  0   52.20   44.20
  6541  0  0   39.30   30.20
  6545  0  0   62.10   40.30
  6549  0  0   46.10   26.20
  6550  0  0    4.30    4.30
  6553  0  0   39.80   27.30
  6558  1  0   15.00   16.30
  6564  0  0   51.60   25.20
  6567  0  0   32.10   16.20
  6573  1  0   10.50    6.90
  6577  1  1   22.30   14.00
  6580  0  0   17.70   10.60
  6581  1  0   11.20    7.10
  6582  0  0   12.20    6.70
  6586  0  0   29.60   11.90
  6588  1  0   43.50   29.90
  6591  0  0    9.50    5.50
  6593  0  0    8.20    9.80
  6598  1  0   12.40   11.00
  6601  0  0   31.30   18.40
  6610  0  0   44.50   22.80
  6611  1  0   28.30   14.30
  6616  0  0   12.10    5.10
  6617  1  0   78.80   30.00
  6627  0  0   40.00   22.30
  6630  0  0   16.30   11.30
  6631  0  0   47.50   21.20
  6632  0  0    3.10    3.60
  6633  0  0   35.70   20.40
  6634  0  0   23.20   16.30
  6638  0  0   22.10   13.20
  6640  1  1   39.20   18.60
  6645  0  0   15.60   16.30
  6646  0  0   16.50   10.30
  6647  0  0   18.90   17.20
  6654  1  0   53.40   23.30
  6656  0  0   63.70   27.50
  6660  1  1   50.30   36.80
  6661  1  0   59.60   37.40
  6664  0  0   41.70   26.20
  6671  0  0   19.80    8.20
  6674  1  0   63.20   50.00
  6678  0  0   24.80   17.20
  6681  0  0   24.30   10.90
  6682  1  1    5.70    4.50
  6687  0  0   66.00   50.20
  6690  0  0   31.20   12.90
  6691  0  0   22.50   16.30
  6692  0  0   33.60   25.70
  6699  0  0   26.30   25.50
  6704  1  1   88.20   54.50
  6717  0  0   12.20    9.60
  6718  0  0   42.10   24.30
  6721  0  0   62.90   39.10
  6727  0  0   21.30   16.50
  6735  0  0    6.70    4.80
  6736  0  0    8.80    5.80
  6738  0  0   20.30   11.90
  6740  0  0   12.10    7.60
  6743  0  0   66.80   21.00
  6744  0  0    9.50   10.50
  6745  0  0   74.00   33.60
  6748  0  0    7.50    4.10
  6749  1  0    8.30    6.70
  6750  0  0   18.80   10.10
  6751  0  0    9.50    6.80
  6759  0  1   11.00    5.20
  6768  0  0   33.90   20.80
  6776  0  0   39.00   42.30
  6779  0  0   47.20   21.80
  6780  1  0   14.80    9.10
  6782  1  0   25.10   18.00
  6785  0  0   13.00    8.50
  6787  0  0   15.20   12.80
  6792  1  0   19.30   16.40
  6793  0  0   94.20   72.20
  6795  1  0    6.70    4.60
  6796  0  0   60.60   35.20
  6799  0  0   38.50   40.70
  6800  0  0   12.60   12.10
  6803  0  0   41.70   31.00
  6805  0  0   53.00   28.10
  6807  1  1   32.00   25.40
  6808  0  0    7.10    5.20
  6821  1  1   12.60   10.90
  6832  0  0   35.90   33.30
  6837  0  0   21.70   15.00
  6840  1  0   27.60   13.10
  6843  0  0   20.10   17.90
  6844  1  0   10.30    9.10
  6851  0  0    9.30    7.10
  6858  1  0    8.10   17.00
  6861  0  0   33.60   15.20
  6864  0  0   34.60   19.20
  6868  0  0   15.60   13.50
  6869  0  0   15.00   11.90
  6872  1  0   23.10   14.80
  6876  0  0   31.60   12.90
