 
 The file HEALTH.txt contains 231 observations for children in
Watertown. The variables are

col.      Description

3-6 		ID #
8		Binary indicator for wheeze. 1=presence, 0=absence
11		Binary indicator for persistent wheeze. 1=presence,    
 		0=absence
14-19	Kitchen concentration ug/m3 NO2
22-27	Bedroom concentration ug/m3 NO2


The file PORTAGE.txt contains 81 observations for children in
Portage. The varibles are

col.      Description

1-3		ID #
6-10		Kitchen concentration ug/m3 NO2
13-17	Bedroom concentration ug/m3 NO2
20-24	Personal exposure ug/m3 NO2


The file DUTCH.txt contains 564 observations for children in
Portage. The varibles are

col.      Description

3-6		ID #
9-14		Kitchen concentration ug/m3 NO2
17-22	Bedroom concentration ug/m3 NO2
25-30	Personal exposure ug/m3 

                                                                  
101  114.2  101.8  76.81
104  55.98  12.04  23.27
107  106.6  76.97  74.37
112   4.09   0.88   6.30
114  69.92  34.21  48.45
120  45.74  27.95  41.94
121   9.63   4.62   9.93
135  34.69  32.98  25.91
136   8.48   7.69  15.05
142  107.0  28.31  40.69
145  66.66  36.91  37.37
146  114.8  95.40  102.0
148  61.32  30.43  27.61
150   4.11   1.40   5.65
157  43.56  32.16  27.55
165  17.54  14.46  19.23
167  72.31  31.98  29.77
168  82.19  57.31  21.75
173  22.92  17.44  16.84
177  53.34  57.52  53.34
182  81.13  55.08  55.08
183  54.72  44.52  35.81
185  64.83  43.53  38.52
186  53.12  40.42  39.12
193  31.16  18.38  24.05
195  34.73   9.14  17.67
205  49.10  40.14  41.34
206  60.20  39.95  43.85
207  106.6  24.35  63.33
208  92.72  56.84  44.10
216  119.8  66.23  45.51
221  79.13  23.15  33.95
234  52.37  15.16  23.96
236  128.3  72.30  71.21
240   3.64   2.64   7.97
511   9.55   5.09  10.91
512  15.98  12.85  12.85
513  103.8  43.34  48.34
514   0.72   0.32  13.86
515   8.56   6.35  17.73
516  20.07   6.26  13.57
517  29.68  27.72  29.31
521   6.12   3.13   9.30
523   6.98   6.59  16.76
524   7.81   6.86   9.32
525  17.04  14.46  23.98
528   9.97   9.19  12.69
529   8.80   6.17  17.55
530  12.27   8.38  15.69
531   6.27   7.90   8.36
532  12.55   8.19  17.00
533  13.65  13.35  14.90
534   7.96   1.90   6.76
535  27.30  18.24  19.43
537  14.82  18.15  30.19
538   3.99   2.74   9.66
539  18.33  16.57   8.73
540  10.24   8.06  16.18
542   7.05   6.20  11.11
544  57.80  31.81  35.36
545   9.76   7.96   7.60
546   5.89   5.89  23.14
547   8.95   7.43   8.38
548  11.95   4.83  12.06
550  14.32  10.70  17.36
551  15.39  10.02  15.74
552  12.26  14.65  16.45
553  12.36   7.56  13.19
554  10.50   9.20  12.07
556   9.53  10.52  14.13
557   7.10   4.49  11.12
558  13.05   9.43  16.16
559   7.67   6.08  10.64
560  10.70   8.16  18.92
561   7.77   5.61  13.05
562  15.05  13.69  18.78
565   9.65   7.52  11.49
566  12.74  11.22  16.34
567  17.52  16.44  14.61
568  46.10  16.34  24.59
571  40.15  22.82  22.62

